0 0.073889 0.113584 0.110196 0.086253
0 0.078611 0.313671 0.124085 0.082026
0 0.080784 0.515882 0.105098 0.127277
0 0.090858 0.696874 0.108284 0.104641
0 0.097761 0.881416 0.130556 0.103224
0 0.293897 0.901220 0.113480 0.106057
0 0.280645 0.702538 0.118775 0.104641
0 0.288652 0.497505 0.122075 0.098976
0 0.276364 0.319325 0.091291 0.118780
0 0.282819 0.117113 0.118676 0.107473
0 0.474199 0.097320 0.107124 0.118780
0 0.485915 0.306612 0.119935 0.135752
0 0.470539 0.496786 0.116765 0.120196
0 0.488039 0.715261 0.090261 0.107473
0 0.468235 0.892081 0.111993 0.113704
0 0.676307 0.899717 0.113268 0.098431
0 0.664224 0.707113 0.114526 0.137451
0 0.677582 0.486525 0.108170 0.127255
0 0.678227 0.308355 0.104363 0.086558
0 0.685221 0.090305 0.115801 0.108584
0 0.892663 0.097092 0.085261 0.098410
0 0.888848 0.304118 0.059820 0.118780
0 0.894575 0.501797 0.117092 0.127255
0 0.885033 0.691852 0.115817 0.120479
0 0.873578 0.903115 0.108170 0.118780
