0 0.429126 0.093100 0.148480 0.132034
0 0.441373 0.249804 0.122059 0.140000
0 0.433889 0.427169 0.145294 0.135221
0 0.443497 0.600502 0.130556 0.144926
0 0.430237 0.751703 0.131389 0.157475
0 0.426528 0.906801 0.145408 0.111348
0 0.799346 0.903566 0.133660 0.114436
0 0.796070 0.771581 0.144232 0.076348
0 0.780694 0.602966 0.124069 0.136814
0 0.788701 0.432745 0.127173 0.143186
0 0.793954 0.277598 0.131503 0.100294
0 0.793954 0.094694 0.131503 0.132034
0 0.216013 0.102647 0.116765 0.138382
0 0.221781 0.232292 0.143170 0.082721
0 0.222312 0.373885 0.103938 0.139975
0 0.203807 0.549669 0.113595 0.112966
0 0.197974 0.742953 0.101928 0.124093
0 0.209592 0.886127 0.089085 0.127255
