0 0.230196 0.155962 0.129804 0.202449
0 0.417279 0.189069 0.146618 0.219474
0 0.806748 0.124747 0.128203 0.166498
0 0.799837 0.333806 0.166471 0.172186
0 0.792206 0.525840 0.160359 0.189211
0 0.770825 0.688553 0.157304 0.124879
0 0.774632 0.840860 0.174101 0.157024
0 0.588325 0.868300 0.155768 0.147571
0 0.418807 0.650709 0.164935 0.170283
0 0.556708 0.415455 0.158350 0.188320
0 0.198864 0.356609 0.139330 0.211842
0 0.202034 0.542955 0.183676 0.152996
0 0.202034 0.707733 0.145670 0.176559
0 0.189363 0.848978 0.177353 0.176538
